start,stop,PCorr,SCorrS,ScorrQ,PartialCorr,pval
0,2,0.06800462587307321,0.08895962017192664,0.10086220594260915,0.019947488881205976,0.6733583108780706
0,3,0.03413359697564257,0.04484794871016817,0.06563314120936804,-0.02202010168973843,0.6416784281701585
0,4,0.023841325636885922,0.05129004520469182,0.06998510810792131,-0.03589092061957945,0.4480682620743325
0,5,0.046922587095389726,0.07920446798297734,0.09272177967658354,-0.012776606362700164,0.7871696534008823
0,6,0.052927955474524495,0.07304581944818388,0.08800658669605799,-0.008218039235921818,0.8621368814155714
0,7,0.05922805783004037,0.08432873153883888,0.10301773000879182,-0.005083356780756775,0.914459885882497
0,8,0.06832037192350766,0.10323600794775296,0.12437836377649848,0.0008661770327237387,0.9853972911054786
0,9,0.06253586887137909,0.09414292533906207,0.11615630315465751,-0.00715088818600985,0.879893554482519
0,10,0.05236297406773789,0.08688305080825084,0.11104321265953779,-0.0228658371271496,0.6289317449167492
0,11,0.05780313867521428,0.09605794199316786,0.11861798867918869,-0.018104418408149747,0.7020254649382907
0,12,0.06784192440237666,0.10322298962707802,0.12481426179877471,-0.009786043443279971,0.836174284924581
0,13,0.055906493878583124,0.08989606010573167,0.1099836664271471,-0.02658933018460534,0.574152389591849
0,14,0.05418771329943917,0.08600046206830826,0.10307219309588085,-0.03141008119980316,0.5067695408367212
0,15,0.054473313164031645,0.08414478305525888,0.10065701960583778,-0.034148279440624964,0.47042816976316826
0,16,0.045490221167127656,0.07992936004151288,0.09940457962560571,-0.04561403307358165,0.33486959401732586
0,17,0.043566889934748707,0.07841234956903509,0.09865781731132547,-0.048300367633922967,0.30715514123770604
0,18,0.045910813120780075,0.07237915438032384,0.09083472364201547,-0.04848736166051279,0.3052839944902652
0,19,0.050048821448337485,0.07815579479805061,0.09719141371508018,-0.04663344485466515,0.32416896199845635
0,20,0.042377807165245834,0.07150514545267193,0.08980111986577664,-0.0574387877976055,0.22447426824237743
0,21,0.038538060910999886,0.05839137778130758,0.07953875683581113,-0.06400988926145328,0.1757513189377269
0,22,0.03351834589167858,0.04879915592934419,0.07194957280433577,-0.07178807690065657,0.12879220160069385
0,23,0.03197163383565979,0.048787110902828106,0.07242359129769384,-0.0742587427467138,0.11611335445283308
0,24,0.034872997111836515,0.050196970173443024,0.0726875729133074,-0.07058718388953159,0.13533001407681644
0,25,0.03166588966547786,0.04607165306560329,0.06689280596075924,-0.07562431571073168,0.10953739210333743
0,26,0.03816107914259221,0.04713377873190443,0.06677468363518471,-0.06953472266304597,0.14126726260496242
0,27,0.04261590237386847,0.05076336159010366,0.0706722669923048,-0.06512043066363099,0.16835982078107536
1,3,-0.008369784315927407,-0.037538003482303677,-0.01484641813833861,-0.05374591072537574,0.2557463595060564
1,4,-0.007389457907804826,-0.009673309923831929,0.010397702003454492,-0.055358345750787796,0.24173936186883369
1,5,0.027049534398324138,0.033752242279032646,0.04742434169247934,-0.022955970586488572,0.6275796682404884
1,6,0.03633930715202116,0.04129114088468401,0.054892194486899366,-0.015788330971861046,0.7386535209673467
1,7,0.04528626168505598,0.0594462303511549,0.07684423527508166,-0.011274347141520952,0.8116943613710356
1,8,0.056923808459739246,0.07637374854417353,0.09713394513089478,-0.00413266472635067,0.9304124953118804
1,9,0.05161107375678961,0.07285903573739258,0.09452904330518597,-0.012212766242073805,0.796351238384647
1,10,0.041384796634554924,0.06936989670419137,0.0933380644448115,-0.02833577804726947,0.5492589595098983
1,11,0.04811990373726041,0.07921600224187303,0.10117614205248608,-0.022805121507792826,0.6298432294988618
1,12,0.059284846484421956,0.08927897855307,0.1102739359483871,-0.013765526694039772,0.7711377609734512
1,13,0.04722648986371549,0.07580534468582581,0.09531966020041435,-0.03103407202989731,0.5118723061799086
1,14,0.046060427894317774,0.0728088739253996,0.0890866591949695,-0.03588871010162484,0.4480962388083132
1,15,0.04673366530881806,0.07267237063439415,0.08865683120384107,-0.03844681445814907,0.4163883774353899
1,16,0.03769579913575622,0.06879670609917139,0.08833080387831883,-0.05004860156090025,0.2899561029741725
1,17,0.03611026599462208,0.06510454779823156,0.08556380782773026,-0.052549930097804405,0.2664921757681331
1,18,0.038846593105090414,0.06060559572024437,0.07842365356026511,-0.05247457241257822,0.2671794787494011
1,19,0.04340690289308766,0.06853017061611132,0.08699295581166284,-0.05029656005226912,0.2875700699171404
1,20,0.035726477284597824,0.061617452218552665,0.0797043282984735,-0.06114801323849142,0.1959066861260797
1,21,0.032033130860734046,0.04790280847966788,0.06895002052994074,-0.06768778341425392,0.15216587289072134
1,22,0.02714616311012714,0.03934023514808784,0.06240440381845931,-0.07543080212493108,0.11045100944191391
1,23,0.02583797049627454,0.04007030989093027,0.06367722832662612,-0.07792739748810111,0.09911534372891237
1,24,0.029045100893856292,0.04298045173444988,0.0651231912969391,-0.07412041523471022,0.11679636462483824
1,25,0.025949223521397474,0.037883116468479576,0.058109463241359495,-0.07911092173593186,0.09407509787310198
1,26,0.032801840613067776,0.039406376561608246,0.058822597956023175,-0.07279439427580951,0.12350434943316353
1,27,0.037567182907015634,0.041591837615500685,0.06165414505686302,-0.06818969358894375,0.14914291737798127
2,4,-0.0011918565923459204,-0.014096547483657827,-0.0037619964352592077,-0.0369659684739383,0.4345799383779758
2,5,0.043000435920158106,0.042762268501716605,0.046945021564542805,0.00408881662345681,0.9311489886578347
2,6,0.050107726967640986,0.05258211045945791,0.059391971571143225,0.007133687414545722,0.8801802820063054
2,7,0.05752218999662219,0.06958424448026478,0.08277335467588086,0.008737822763527227,0.8535125440617353
2,8,0.0686217675518356,0.09124852609199877,0.10749524491410298,0.014165399044400784,0.7646823627565488
2,9,0.061031252864195876,0.0856231027908447,0.10315400125959603,0.0031530805702728944,0.9468790466994366
2,10,0.04845047661522438,0.0792724899666375,0.10006860875631629,-0.015803997225832492,0.738403657967555
2,11,0.055020288246604744,0.09000119205073043,0.10877340478391068,-0.011005100473455383,0.8161101548774489
2,12,0.06647097385756186,0.09901623633660195,0.11682412451618447,-0.0021093940087777686,0.9644478937170622
2,13,0.052995114169909,0.08562541024832762,0.10148051471422051,-0.02109924983743982,0.6556778166910924
2,14,0.05126902234039332,0.08029415348758022,0.0930070251846846,-0.02669119419640774,0.5726859361646406
2,15,0.05153379890277447,0.07773132865668464,0.09067770609863209,-0.02970889408084984,0.5300668440194725
2,16,0.04167965921946045,0.07315642944462313,0.08992704186397918,-0.042270841986430885,0.3715328748557528
2,17,0.039772445037009836,0.06997088892585833,0.08754789536575835,-0.045321892620383594,0.3379775014114089
2,18,0.04239153065738123,0.06494011974860657,0.08040524579672935,-0.04540825496116656,0.33705682762827116
2,19,0.046918734316459945,0.07340968716889956,0.08989753344798616,-0.043328727400861466,0.3596720287309396
2,20,0.03873212756426657,0.06474274452593083,0.08107832666712546,-0.05478851813389886,0.24662657825479128
2,21,0.034770953798049675,0.05167058814827703,0.07086509785512433,-0.06180330635917038,0.19114889330082716
2,22,0.029577660465898926,0.04419279831400109,0.06483360922978633,-0.07007940263236398,0.1381701211560632
2,23,0.02813305407310122,0.043180308534207325,0.06425928896889521,-0.07289458477207761,0.12298726688227006
2,24,0.03139704390956571,0.045588225382218024,0.06609053000403584,-0.06918395163396131,0.1432897781318398
2,25,0.02808886920611254,0.041330694125483874,0.05971559480892885,-0.07444327856337711,0.11520705965962759
2,26,0.03509337231813462,0.04175337151685463,0.059862442667232216,-0.0680018040679623,0.15026916260668247
2,27,0.039922137798955024,0.04412356733114857,0.06283334631770289,-0.0633972645589475,0.1799306742640696
3,5,0.07772621016448968,0.04895069786641683,0.046518617095537576,0.04835091003107735,0.30664864633609945
3,6,0.0662436812442888,0.052320618433853626,0.05533460989310894,0.032652198157299826,0.49010422993393676
3,7,0.07039218249077983,0.07629982060180661,0.086153900433168,0.028651209451614316,0.5448201023319788
3,8,0.08028834124357072,0.10230616812520084,0.11657249646456147,0.03138133140896573,0.5071587569988982
3,9,0.06923307052397548,0.09448761156450716,0.1108551296507572,0.01657918869765109,0.7260749116588414
3,10,0.05439397248036815,0.08646819026958105,0.10557426038138433,-0.005570657267336122,0.906295871474564
3,11,0.06089881764537412,0.10066143139522105,0.11757548644621439,-0.0014475021663496546,0.9755992785614616
3,12,0.07249685620087709,0.11018576331423686,0.12606826880678976,0.0073593935765938956,0.876419141865777
3,13,0.05761654107972916,0.09172992619611958,0.106431903812981,-0.013419896373233734,0.7767302688045408
3,14,0.05530940614798106,0.08729153856497224,0.09849538040278168,-0.019742265521958582,0.6765279877851795
3,15,0.05515400710533728,0.08512372087588921,0.09672586503696125,-0.023203994504594917,0.6238655415565706
3,16,0.04453697496256097,0.07748904790693417,0.09330286589868769,-0.03669555617847782,0.43795054718966697
3,17,0.04239331870712708,0.0739512285020321,0.09015814838193248,-0.04025603794297292,0.39478193895767844
3,18,0.04494630389754898,0.06907585360873374,0.08344617006408571,-0.040497640697967366,0.3919486658800909
3,19,0.0495973192141137,0.0783816261872624,0.09383832378239945,-0.038602268412688476,0.41450501953838437
3,20,0.040913569670200704,0.06685003981639168,0.08223431396648283,-0.05068735501130931,0.28383643391604974
3,21,0.0366771868298941,0.054614699233206894,0.07296446393429891,-0.058089886520461584,0.21925593949949163
3,22,0.031207495907799712,0.04796001678130284,0.06795417680361368,-0.06687270194998725,0.1571737501806374
3,23,0.02964508026901487,0.048505566812935885,0.06938373188672343,-0.06992395496399827,0.1390486562962856
3,24,0.03298806928426888,0.04669469128136428,0.06663495122022355,-0.06621536557053632,0.16130233660695184
3,25,0.029493176976603527,0.04235974793711076,0.060190036235057656,-0.07173349090154811,0.12908396919009935
3,26,0.03667970919117082,0.042066860041028296,0.05953637605635187,-0.06512082641742895,0.16835722884680293
3,27,0.04159092270291295,0.04445990350525017,0.06271106197413857,-0.060436199766748855,0.2011722239280056
4,6,0.03824438204239004,0.01528312652001815,0.02133034345369573,0.010517092682278942,0.8241285100068437
4,7,0.04814131367245444,0.04760390957793296,0.05913969101974881,0.010594761778728496,0.8228510973089371
4,8,0.06382664360608402,0.08485957927470031,0.09969206268286268,0.01721202318164892,0.7160622390442737
4,9,0.05322058653095785,0.07892487426842103,0.09606639218622744,0.00230458475296675,0.9611605949739599
4,10,0.038570857513416885,0.0718955441190631,0.09254609627753707,-0.02101279678443999,0.6569984431140543
4,11,0.047617709121784584,0.08459413208533337,0.10248908004002705,-0.0145286041853415,0.7588329829806616
4,12,0.061222608843921,0.10094594603411391,0.11716753585042397,-0.0036406148128629396,0.9386804567757747
4,13,0.045700183475823886,0.08103908528547678,0.09551097899027887,-0.025337233631786384,0.592320931052621
4,14,0.04417668264602828,0.0761271526975363,0.08763934601712577,-0.03133969863904839,0.5077226608946807
4,15,0.044791599592585496,0.0757878915463933,0.08792252360342556,-0.03428331979521763,0.46867380142815573
4,16,0.03411417372887731,0.06783343913628896,0.08389927104152474,-0.047957081026562286,0.31060988416710594
4,17,0.0325134910770674,0.06360749528889098,0.08012624832245438,-0.05101566396375382,0.28072517894446875
4,18,0.03574059945708134,0.06053712909312415,0.07450596667618369,-0.05066698636102626,0.28403022322677834
4,19,0.04114180924226951,0.07082587558038987,0.08622169079885808,-0.0482093303721542,0.3080688349347998
4,20,0.03241227239642506,0.059352748914644905,0.07483050612847783,-0.060365726108708107,0.20169908763350097
4,21,0.028372932785192057,0.04608703181969719,0.06423265940155291,-0.06766111357738913,0.15232779394576207
4,22,0.023076489134317358,0.03863685158339451,0.058701458576295565,-0.07634872654807527,0.10617006250539171
4,23,0.021788681967348345,0.03969371465784855,0.06090048440514887,-0.07907547516726383,0.09422301947406689
4,24,0.02551634621767917,0.038404080353722586,0.058202419207793316,-0.07481167881607508,0.11341435910456371
4,25,0.022196493771107707,0.03219779122258358,0.05024360634450079,-0.0801763923234055,0.0897147740104276
4,26,0.029886887527450324,0.03472444178221614,0.052366192922347767,-0.07309719868712622,0.12194672897321561
4,27,0.03523351618046436,0.03726055342835316,0.05559024574286726,-0.06798703172578557,0.15035798412834775
5,7,0.04343328131311346,0.06234184958533137,0.07992629055597715,0.007499844733826157,0.874080078336493
5,8,0.06043181406723684,0.10110944557980615,0.11742548295139384,0.016115023681549094,0.7334487902642758
5,9,0.047405232506080704,0.09063458518714675,0.10812615519266151,-0.0021240784583911156,0.9642005643763019
5,10,0.030564788420969862,0.07395038846267254,0.09668182342505073,-0.02889635508352698,0.541382637338985
5,11,0.04172610335768862,0.09122519093118052,0.10923177760577825,-0.020072785482220884,0.6714259378563167
5,12,0.05739418873949602,0.10203859642414931,0.11802971969901205,-0.007193956157971202,0.8791757036925506
5,13,0.04037708817033709,0.08238171184256948,0.09599786969067131,-0.03077626746278293,0.5153863118540851
5,14,0.039115554165632886,0.07588778805998132,0.0862483142482393,-0.03688907073317546,0.43553692343405603
5,15,0.04022341948469053,0.07849763725944084,0.08998242161664567,-0.03975142316715516,0.40073922914668847
5,16,0.028956280808581952,0.0719458868814811,0.08757160782978732,-0.05407364993707193,0.2528547685525385
5,17,0.02751669081054194,0.06606416211590713,0.08226248429527512,-0.05672432280217745,0.23030157743804663
5,18,0.031235292309905044,0.06396586796059643,0.07746568830751294,-0.05597234758719686,0.2365497536491512
5,19,0.03722291541070914,0.07354714639862009,0.08879704423947522,-0.05310519344242429,0.2614652579867825
5,20,0.028166659129866108,0.06006863064763972,0.07563335074501554,-0.06559120776270304,0.1652975903003738
5,21,0.02413333299523064,0.04692804207724323,0.06541933517924609,-0.07305079731451407,0.12218441883978576
5,22,0.0187867120890453,0.03721098464489466,0.05738195641316915,-0.08183251708835054,0.08326068742822432
5,23,0.01760455398603549,0.03817612724271219,0.059169526225111194,-0.0842399873839611,0.07455240495312382
5,24,0.021634687341996126,0.04054095253143461,0.05968553573257995,-0.07951991173198981,0.09238173700902008
5,25,0.01833744291634656,0.03464448719159579,0.05192510463113486,-0.08484361629984975,0.07248940810415598
5,26,0.02643379375056331,0.03520770568007211,0.05240670105537561,-0.07724410565084314,0.10212165274095193
5,27,0.03213246608982948,0.03695526653310732,0.05516531511620507,-0.0718703535575553,0.12835339005692567
6,8,0.05791357057552082,0.091478769780616,0.10046843777971187,0.01845098441905218,0.6966011000231629
6,9,0.035218191711007894,0.07050227745913852,0.08302798866515389,-0.007660966562421637,0.8713981182401983
6,10,0.01672589849752102,0.06388317714359289,0.08234777920763318,-0.03803244598935294,0.4214330604856036
6,11,0.03189312096495228,0.07770487307968459,0.0914261012723263,-0.026019244969732413,0.5823919793577813
6,12,0.05062092453323409,0.08879260450511024,0.10105978364627666,-0.010744108542181118,0.8203961293184523
6,13,0.03242263855816407,0.06548077889352091,0.07572355406226701,-0.036339407710866745,0.4424126157141899
6,14,0.03172975627049805,0.065596045156838,0.07212028455911082,-0.042445787628992246,0.36955489799069574
6,15,0.03338142017826234,0.06812706772571674,0.07522530920806807,-0.044809777952437665,0.34346998289873676
6,16,0.02178400910535482,0.06490865151785155,0.07674728178387558,-0.05977451324048582,0.20615854955449156
6,17,0.020813181179531404,0.06116277195566077,0.07375338935605852,-0.06219222723832656,0.18836548811545195
6,18,0.02519099877060674,0.05686691624459302,0.0673952366906688,-0.06093462444118342,0.19747452306771596
6,19,0.031919728208893314,0.06596420073939518,0.07836585011483267,-0.057654885959250904,0.22273259859014627
6,20,0.022658438233504257,0.055614272662032796,0.06804956060888222,-0.07050973743684531,0.1357602566131504
6,21,0.01870294542980771,0.04034507446455443,0.05600050294406357,-0.07807214833790424,0.09848760343017075
6,22,0.013413029897802556,0.030300614957919123,0.048259067071900884,-0.0870982610510799,0.06519189263158928
6,23,0.012436795623309387,0.03234181206597359,0.05101767201110165,-0.08929852385141823,0.058663607715994597
6,24,0.016855170553789933,0.036274749571237275,0.05367445825717059,-0.08414843498896231,0.0748694347114853
6,25,0.013635018458323937,0.028141829061264778,0.04394686904592387,-0.0895059038971312,0.0580772380498757
6,26,0.022229500140773496,0.030212494515501703,0.04543070666690171,-0.08134280352934534,0.08512887707174475
6,27,0.02834056782044022,0.032421043606792835,0.04844003012388837,-0.07567745121985907,0.10928757316808321
7,9,0.0006822054517410074,0.007735605369044693,0.02370006380912225,-0.03220264021669171,0.4961017492102734
7,10,-0.013515366811402509,0.0065707766792952125,0.02148457990127937,-0.06157330214182,0.1928091041636189
7,11,0.012611357874961125,0.03862001265866529,0.04791601095980121,-0.040983109937902135,0.386292870822197
7,12,0.03826463607586017,0.06132218897110903,0.06942625373423325,-0.020100291805337154,0.6710020136909125
7,13,0.01835384273537243,0.039503167603476975,0.0469346273984922,-0.048755653335393445,0.3026125372612619
7,14,0.019020902901191246,0.03684016878165799,0.04027261041363319,-0.05425403503550621,0.25127298176810986
7,15,0.022014512674871013,0.041444853897742114,0.0456730922481902,-0.055309755062215527,0.24215343900871147
7,16,0.010030293875904409,0.037200452142987166,0.04738031184670653,-0.07068357961870526,0.13479596906134514
7,17,0.009951382860101915,0.03755717504623586,0.04956529566808848,-0.07225806964298472,0.126301130700531
7,18,0.015514641749312028,0.03677608680320518,0.04635338544825058,-0.07007472663157606,0.1381964859162829
7,19,0.023420350442196525,0.05123958783636216,0.06098386453383896,-0.06595051849759424,0.16298866207821708
7,20,0.014004915669938988,0.03881890453192083,0.04949712980243597,-0.07919701505057708,0.09371659569554952
7,21,0.010267203101899925,0.024528251098291463,0.038872233948737275,-0.08675410173061224,0.06626510185865124
7,22,0.005143660222150966,0.014489854956092556,0.03144373928020778,-0.09595655520741536,0.042122606826370416
7,23,0.004551448023760075,0.018453921360236825,0.036683586015706975,-0.09784540040514172,0.03821858621681979
7,24,0.009573565081089867,0.02368296578993445,0.04006244868548758,-0.09204600132566718,0.051280806798690855
7,25,0.0065201700862708,0.01592773377676008,0.030568870013778088,-0.09733908349150366,0.03923375103276768
7,26,0.015866107306647746,0.019022032043164726,0.03295168972501025,-0.08835734122325499,0.06138671903954775
7,27,0.02256984889112349,0.02025534481897766,0.03494978699705975,-0.08216490566095615,0.0820116327446288
8,10,-0.021255013586040775,0.0027610666793598977,0.014067039561252362,-0.06953064326564698,0.1412906577230161
8,11,0.018165892790499967,0.03882832626094082,0.046384274214007384,-0.03153125376778393,0.5051308214164334
8,12,0.0479292495534169,0.07161848009162393,0.07877068841674348,-0.0073056677491231264,0.8773141736182009
8,13,0.022718673851391483,0.04167923710227868,0.04785234993922886,-0.04277799967514525,0.36581682736337906
8,14,0.022764748113677794,0.037484026645389586,0.03982923868904601,-0.04945446968038338,0.2957271713525644
8,15,0.02559633080002169,0.03752131224717746,0.0406043621268797,-0.05093491777257276,0.2814882301468099
8,16,0.011781787029859703,0.029770313290586947,0.04021927854866339,-0.06798544753632645,0.15036751173739704
8,17,0.011454571364557672,0.03349309916912637,0.046071587907319016,-0.06941332632052521,0.14196473449301722
8,18,0.017393854887712678,0.035939754151949124,0.045766854535026144,-0.0673835866173551,0.15402051320431998
8,19,0.02580680802694485,0.05016014153344278,0.060447738482542236,-0.06311461808860447,0.1818835306448489
8,20,0.01551302162605559,0.036430993761471395,0.046881525566042026,-0.07751710020930676,0.10091198369486672
8,21,0.011417765115492392,0.021945348686586978,0.03720400757812291,-0.08570581086838139,0.069623733613165
8,22,0.005881775390179013,0.014095035072836036,0.03107570642159404,-0.09555633571755522,0.04299163148116917
8,23,0.005204273734123337,0.01637975144183652,0.034800861831889046,-0.09741754463449567,0.03907495808343832
8,24,0.010493106188770545,0.02107110935782473,0.03787870941005771,-0.09136995853036316,0.053021417606151616
8,25,0.00722465182859312,0.016418911125890466,0.03097553726411269,-0.09701764714828534,0.039890000675261945
8,26,0.017018005841270493,0.01791893109121077,0.03193002953068027,-0.08742944993123863,0.06417266012913048
8,27,0.024020484752304568,0.019329650120769853,0.03420879051718039,-0.08104315589020288,0.08628855351551748
9,11,0.04947984376061099,0.06512113792390226,0.06568533790049388,0.013849271289252951,0.7697844928441022
9,12,0.07260504527413708,0.09071581907129181,0.09305901542768073,0.029350534047279688,0.5350427354974416
9,13,0.03652000308687518,0.04879774103230903,0.049562413143443035,-0.019021517368790344,0.6877049596651112
9,14,0.03410588256086459,0.04196274282493431,0.03802238924639297,-0.029838833138266886,0.5282684234681092
9,15,0.03556264248554791,0.03873598095380887,0.03672016510428437,-0.0338931661460349,0.4737522990008144
9,16,0.018911373223811697,0.03246759387778619,0.03911635415154258,-0.05450579751053335,0.24907681482543592
9,17,0.01775502407445986,0.03937152677330508,0.05020921294453348,-0.05753813837115824,0.2236723391253162
9,18,0.02367862855517127,0.037274501905037324,0.04582205620474345,-0.056159750868904984,0.23498155431884968
9,19,0.0323301382441721,0.05250414967766187,0.0616755916427337,-0.05224940424982099,0.2692403682760927
9,20,0.020708002952430672,0.038441484012940355,0.04816620749380121,-0.06839791448677557,0.14790231574093918
9,21,0.01594915483408478,0.02235842953347482,0.03676508699617636,-0.07761585082894713,0.10047722154442519
9,22,0.00970465496623608,0.014395411215457668,0.031264767147890525,-0.0884165789869017,0.061212304289767684
9,23,0.008731365935047228,0.01746923266907108,0.035893947760347655,-0.09058378339434134,0.05510718032569474
9,24,0.01416615799289928,0.020058858145754966,0.0366620103990943,-0.08450550058693843,0.0736391570926268
9,25,0.010528373300476835,0.014553181777412702,0.02887761416232402,-0.09090320427062963,0.05425166118743931
9,26,0.020705026943301712,0.017466874257238852,0.03189641073631065,-0.08111196847640574,0.08602112095008527
9,27,0.02793489511631205,0.019589548256887884,0.034636468567219476,-0.07478841615689306,0.11352690763201269
10,12,0.07490185975561672,0.09622823947582994,0.10246486327729527,0.03576105209211543,0.4497135796032766
10,13,0.016505328269270154,0.011391600377156091,0.014589877195712073,-0.03524589597515774,0.45627366609150777
10,14,0.017362384480008153,0.012160784661616422,0.0068066387158384235,-0.04480948862736338,0.3434731019119297
10,15,0.021658392871274787,0.009678883823414128,0.007513293161424412,-0.04608110087721768,0.3299389951985301
10,16,0.004221906890991212,0.006385909005797669,0.013816487035745294,-0.06745490699692093,0.1535841547801435
10,17,0.0047632644540526806,0.011824149475844864,0.023700561669675393,-0.06908583997096697,0.1438594251853412
10,18,0.012606450223093382,0.012133852160515737,0.022507516293604136,-0.06611420849221976,0.16194486383906626
10,19,0.022984081881233714,0.030517503084525638,0.041407753577984645,-0.06079854612808004,0.1984791020582852
10,20,0.011130480049291257,0.020566949987405343,0.03176026857119893,-0.07764164733150328,0.10036389463234266
10,21,0.0066909456241033664,0.006303349456064611,0.02133942112171386,-0.08696094765098894,0.06561835835713219
10,22,0.000675042073031035,-0.0022256655697828237,0.015657267566237698,-0.09777762131411788,0.03835317939874064
10,23,0.00024932459153729526,0.002279825672374282,0.022171510401026582,-0.09964287760960745,0.03479254578072518
10,24,0.00646412447646379,0.008376200292996508,0.026659426959637102,-0.09256480830571548,0.04997759348562376
10,25,0.0030352802702719433,0.0015420521833598075,0.01730097523484359,-0.09894631898708076,0.036087855691138725
10,26,0.01420376394785677,0.004370690126364086,0.019920137708617218,-0.0884580657177923,0.06109039791045046
10,27,0.022189401866751043,0.008733723945263427,0.02518802439809486,-0.08164760404936702,0.08396217776443268
11,13,-0.05124883951687585,-0.07230512478282226,-0.07139508926798589,-0.09722546394814227,0.03946466681278466
11,14,-0.023403796064841005,-0.031000110666948737,-0.039281156746637264,-0.07788743828366165,0.09928919398061313
11,15,-0.00823348454742376,-0.013758748328037274,-0.01707319501575401,-0.06905546548504238,0.14403613316031313
11,16,-0.02299295875412432,-0.025501416491907635,-0.01709707053896049,-0.0881617252328201,0.061965590066699085
11,17,-0.018353994980948283,-0.01923558118254615,-0.004983963348647204,-0.08621008237436456,0.06799109995107935
11,18,-0.0071617029194888625,-0.013248048236195766,-0.001743590970081951,-0.0813734158889691,0.08501111366118051
11,19,0.006041956951236275,0.008184403825606545,0.019365239639139543,-0.07460828055982027,0.11440140357303795
11,20,-0.005247543998079848,4.925732114200267e-05,0.011620900404971372,-0.0913347621743347,0.0531133690940651
11,21,-0.008752381370530034,-0.012942053039955418,0.002992207365771898,-0.1007166995110375,0.03287328584035657
11,22,-0.013966550767127155,-0.021480084789310926,-0.0030886766411139153,-0.111483665630955,0.018123651332058642
11,23,-0.013356553998252476,-0.018302536605860478,0.0021913721674337886,-0.11228455516914677,0.0173048345851931
11,24,-0.006009488544967693,-0.009503184343412008,0.009698995101464799,-0.10412211665470202,0.027372971523508715
11,25,-0.008906915901471102,-0.013676448690671963,0.0024992365835428453,-0.11030339646924531,0.01939192952392777
11,26,0.003493991120449076,-0.011297335763121778,0.0048508425344517955,-0.09875379856803772,0.03645300985794994
11,27,0.012439329078654209,-0.003913701556259647,0.013112985726558224,-0.09136677370134728,0.053029732604557206
12,14,0.012789217138009769,-0.012911629371627351,-0.022117404880646688,-0.030102393741907405,0.5246301536374243
12,15,0.018385058499516844,0.004364968829266146,0.001178704260691388,-0.03044656070432498,0.5198985015217377
12,16,-0.00474645023299808,-0.009084778290842237,0.0010225056564310724,-0.060174438422050044,0.20313421468262466
12,17,-0.0025273829231717854,-0.006849406307510279,0.00881821678574727,-0.06195747091187484,0.19004199060761331
12,18,0.008015067997555218,-0.0008856202659514075,0.011661788148327882,-0.05872198137142737,0.21427352139702113
12,19,0.02108487791984818,0.01863900844174798,0.03140131746654391,-0.053403856440791896,0.2587885885489905
12,20,0.007209341429742368,0.007576813995005604,0.020329266043638775,-0.07352580830421046,0.11976818607383705
12,21,0.002351013342095592,-0.00560768928309057,0.011179835276907173,-0.08448263983957778,0.07371742752847364
12,22,-0.004229929647098106,-0.01527391328025806,0.004424656975016327,-0.09709372759509712,0.03973384094226725
12,23,-0.004318312084138167,-0.010433960960918658,0.010544075252532014,-0.0984944066790026,0.03694995771591917
12,24,0.0029771399863283456,-0.0041373921357799595,0.01517511592535105,-0.09056021731619009,0.055170739918983705
12,25,-0.0006535723586624052,-0.008242410300252514,0.008891840108056704,-0.09803125357253928,0.03785157772897527
12,26,0.01200729389443129,-0.0021437760142715727,0.014967324533141195,-0.08617765940214152,0.06809512034608232
12,27,0.020979109256225155,0.0052555558956674945,0.023027234178210544,-0.07876819934104944,0.09551310973475241
13,15,0.020220134932252137,-0.012977978774473339,-0.012999529608559485,-0.02085607057653841,0.6593952593458363
13,16,-0.01353224788211425,-0.02236641229378703,-0.005518747691636712,-0.0608804251001179,0.19787419676496615
13,17,-0.008551599493879384,-0.00446895869386134,0.017642809764431524,-0.06167657773493012,0.19206234109407017
13,18,0.00505179539256515,0.009639452194918553,0.026987001007676304,-0.05629971127235264,0.23381515448813472
13,19,0.020468759663273037,0.03402675744881763,0.051392062750345205,-0.050009330849876944,0.2903352086004956
13,20,0.004750861887629174,0.013174205888729277,0.030719119985960858,-0.07299084511529964,0.12249205664867499
13,21,-0.00047023699008435105,-0.001151342131490268,0.01961482680030081,-0.08426206289970356,0.07447612513033586
13,22,-0.00743816657859852,-0.009794633232879532,0.01253493262849017,-0.09765494342874277,0.038597809832000056
13,23,-0.007234808689117593,-0.004890034814548556,0.01911367985395236,-0.09886159520247997,0.036248166894837036
13,24,0.0008507819110931646,0.002147355712287212,0.023948598912938573,-0.0899547714439526,0.05682467257165895
13,25,-0.002915798368004106,-0.006519648207524192,0.013250728185956457,-0.09804926138088012,0.03781617660413964
13,26,0.010785672829948573,0.00039159301791365036,0.019854418344498272,-0.08547234131559697,0.07039040772828278
13,27,0.020389371319337657,0.008585814196622339,0.029208045617020426,-0.07740454382246309,0.10140934772876029
14,16,-0.043377598398870856,-0.03183251109707093,-0.0040432833990370525,-0.08013270423492802,0.08989031719977644
14,17,-0.022023690842705678,0.0013048780336572638,0.025254834950640837,-0.06479088834249562,0.1705284895220915
14,18,-0.001987170606220799,0.021569191938370813,0.03936681649097616,-0.0561515678211749,0.23504987689592485
14,19,0.017200524341471606,0.04062610170251332,0.05890991477027319,-0.04785014432378047,0.31169126688762383
14,20,-0.0005075656997764466,0.013763121053912792,0.031128452713991138,-0.07318703584136799,0.12148756451167553
14,21,-0.00572612410433852,0.0027923193533369024,0.023715710387400224,-0.08505797131418338,0.07176811871602402
14,22,-0.01282186571238258,-0.008167810985440905,0.014739046247993324,-0.09923255456540232,0.03555069967005362
14,23,-0.012020762236619407,-0.0027958192119790118,0.02189716875235797,-0.09988609430441106,0.03434968339783883
14,24,-0.0029282461248329138,0.003566441116825587,0.025391549406443167,-0.09014738105038508,0.05629410666620581
14,25,-0.006722791934721377,-0.0028013741623691595,0.0168335484682919,-0.09883336702080261,0.03630171339628388
14,26,0.00816948345405671,0.00435483543486488,0.024049735213570952,-0.08510425729848389,0.07161314151230927
14,27,0.018492898504422983,0.010293280478890332,0.03122402933400608,-0.07630781111981562,0.10635804692373853
15,17,0.007271836443092209,0.01716937083611889,0.0243166894522906,-0.026991456276587743,0.5683736485185595
15,18,0.02321591149781578,0.02243667405583436,0.026060086169675357,-0.023753871697526744,0.6156652076453253
15,19,0.04114648700579504,0.0471087400631398,0.05533879510401919,-0.01880661786955154,0.6910508449202768
15,20,0.016351970724436442,0.01547344827096165,0.02426866286227076,-0.05201995493305786,0.27135160068534236
15,21,0.007980901331789629,0.003696620654717166,0.01730396343821188,-0.06703479046394702,0.15616808400192328
15,22,-0.0015522430866070427,-0.008059745494290567,0.010242165084227251,-0.08434003471965865,0.07420720952259557
15,23,-0.00193750391760052,-0.0068095576519220016,0.013961975465735738,-0.08652981313006806,0.06697228828478043
15,24,0.007085821756961002,0.002702864756375101,0.020391481412254983,-0.07655279475703408,0.10523639628056267
15,25,0.0022818580196039637,-0.003680799894360476,0.012109358282059232,-0.08653057847697046,0.06696986464317793
15,26,0.01747712924092593,0.006819274456666981,0.02314991627743171,-0.07237478842324696,0.12568832831155657
15,27,0.02776610074889878,0.013765088313499952,0.030895256316878745,-0.06374242600583079,0.177567004590537
16,18,0.034359659841173604,0.017732658947211967,0.014191978864764452,-0.009810879921554355,0.8357643989938739
16,19,0.05083984698641328,0.05302824185397398,0.058832583412013716,-0.0052988386910518765,0.9108486372437772
16,20,0.017047336082216674,0.01383882089251533,0.019911265798909464,-0.04802910187279678,0.30988297560299183
16,21,0.006908751390349761,0.0005118783150321113,0.013525664206794012,-0.06508037985037218,0.1686222823998842
16,22,-0.003808405795436301,-0.016352838174356097,0.0004462382493837117,-0.08470873430553173,0.07294630060648455
16,23,-0.003952443405805691,-0.016549932763218665,0.003012444383742647,-0.08705256053742995,0.06533357488120943
16,24,0.006211462749583483,-0.00943506191987626,0.008011389521785196,-0.07547095549141034,0.1102609456038463
16,25,0.0010192887410181116,-0.014524331132119487,0.0013734419520737414,-0.08609281002081048,0.06836795416222854
16,26,0.01758164344621766,-0.0008732897552896718,0.015033954400783728,-0.07073222784882913,0.13452706858789107
16,27,0.028645160439528146,0.012099579662727527,0.028843140597588964,-0.06152376632939306,0.1931680403515519
17,19,0.05026131743180791,0.056789883345496645,0.07153202046927858,0.0025442515421399115,0.9571251600454879
17,20,0.0015752131187078133,0.006815081524640907,0.01493218407349457,-0.05209323265879117,0.2706761253593085
17,21,-0.006943298790345394,-0.004639970218294865,0.011163569449528645,-0.0701420861021702,0.13781706497123936
17,22,-0.016956779182938045,-0.030938855532879346,-0.01013640771588323,-0.09123357204162547,0.05337847111353655
17,23,-0.01520022415517792,-0.03074887341880634,-0.009120995603199143,-0.09264063427678129,0.0497894611306544
17,24,-0.002659608925188843,-0.018835531875045764,0.0002850498605811514,-0.07883351599430002,0.09523770608275574
17,25,-0.007515869232893274,-0.023347002134842,-0.007017458231698923,-0.08962629497852641,0.05773906330610382
17,26,0.011144846151414974,-0.0063426817816439355,0.01108574277331863,-0.07247220132153034,0.1251786562921602
17,27,0.023518326293620426,0.005314970143308014,0.023449563830006518,-0.06253757366253916,0.18591901234754074
18,20,-0.044603831336912605,-0.05226004241328261,-0.05144088298486752,-0.08573373483810583,0.06953249530611733
18,21,-0.03699027737439596,-0.04927088551239748,-0.0362586553143,-0.0891905702677105,0.05897078181199875
18,22,-0.042545068646017814,-0.06438550818096724,-0.045565908308065714,-0.10911853121217062,0.020742200370012755
18,23,-0.03565144203303497,-0.05748623055651917,-0.036053043842266985,-0.10626084594303217,0.024339403675599273
18,24,-0.01838097381564093,-0.03600026246955659,-0.017576738071234232,-0.0877049665719628,0.06333478287680888
18,25,-0.02209643369022439,-0.041603961566455606,-0.0255194472842558,-0.09830330050033104,0.03731975075177877
18,26,-1.945555042601188e-05,-0.019166585114038757,-0.0026788047373773045,-0.07825454076047061,0.09770113300452346
18,27,0.0143411851344291,-0.005365145811945392,0.011761419117237359,-0.06666308488350706,0.15848154821109495
19,21,-0.016700702687555698,-0.03675582549379045,-0.01737325584926984,-0.061837528417091704,0.19090277125516672
19,22,-0.02827210252924725,-0.04725818348062818,-0.025385559885806305,-0.08798505859553186,0.06249224771277519
19,23,-0.022341483398252777,-0.040624106593442434,-0.018821713244958082,-0.08668932623042196,0.06646870777640804
19,24,-0.003910038972045934,-0.014372840357257647,0.0037680786170250047,-0.06642482347636645,0.1599780095334794
19,25,-0.009938871657596132,-0.025487504245263526,-0.009013396776557442,-0.08051071243603682,0.08838053126069277
19,26,0.013511976181872914,-0.002974154005639032,0.014990596180494892,-0.06011665595500537,0.20356917895935095
19,27,0.028006641875944857,0.00974812138658749,0.02824251870499869,-0.04850913041508383,0.3050666572775935
20,22,-0.03334656623523211,-0.047855650346980055,-0.02842124074626184,-0.08641129348444876,0.06734847655485167
20,23,-0.020017201741938943,-0.019693933370421933,-0.0014829069651344853,-0.07364690969973318,0.11915818758128613
20,24,0.0020970138481415674,0.0012366282284506816,0.015621503400159425,-0.05140228877656915,0.2770909852447649
20,25,-0.005911235428298621,-0.013852655840134979,-0.0026217411602829626,-0.06939324896872495,0.14208034073237036
20,26,0.020451588583820932,0.011279794237784012,0.024331500203138835,-0.04696297074934172,0.3207579711968607
20,27,0.03583146559718503,0.02689146336766219,0.04147099037890978,-0.035232027788284305,0.45645100407673
21,23,-0.0011555009652090033,0.009198096673905828,0.02043521076202056,-0.039123714468962525,0.40822436234164794
21,24,0.022143632964201306,0.029654230816017587,0.03637085737233846,-0.0170663500288503,0.7183628371004203
21,25,0.008124073683140137,0.011618612168789483,0.015030627449023502,-0.04404258688707313,0.35180386096121263
21,26,0.03626074433248345,0.03372175981280213,0.0390753424785646,-0.02104114956200605,0.6565652181378819
21,27,0.05112756102765294,0.047661520177395986,0.055328618227783906,-0.01101689509996747,0.8159165934900978
22,24,0.04071949511431453,0.06470388166164502,0.06292046959480813,0.01259831363758987,0.7900698556743274
22,25,0.011987122912994471,0.03575441154633038,0.03105485527481523,-0.031351342291907676,0.5075649179328408
22,26,0.04455941699839956,0.042796520072666586,0.04451735735346693,-0.005717396614170173,0.9038393581638383
22,27,0.05997791666406928,0.0539061115199392,0.05791867255907748,0.003410764789141014,0.9425449618955959
23,25,-0.019620423645991602,-0.006047263627646648,-0.011222234740017614,-0.061708638509235594,0.19183094839064815
23,26,0.03331231649819863,0.02915205792385205,0.03230932744771275,-0.012923933564757815,0.7847753683889421
23,27,0.0535949541154344,0.047573694113041735,0.053442120625206244,-0.000662689600595669,0.9888275880806197
24,26,0.07414025630623965,0.0523402269576128,0.06072233687620472,0.037124942639715414,0.4326053621567013
24,27,0.0812894801379677,0.07716866136487112,0.08579592111593565,0.035299792838321714,0.4555848323444486
25,27,0.06255222194893333,0.0781692968093938,0.08211454230200338,0.02117501901059037,0.6545212748269298
